0.2142857142857143
0.04884420696204084
0.21878431060667725
0.057579075558966075
0.18150985486530835
0.011372333617789221
0.007286979290671625
0.13072543800217756
0.261901229390349
0.07182468449871393
0.016515098396075567
0.1974634590703368
0.21526874341386626
0.20575949164359325
0.03999316117572843
0.09288279331486332
0.06017154705691086
0.15586733144353349
0.14794135037899458
0.10679629948355951
0.07608014621746562
0.16364867382334464
0.2517122738000682
0.08327598732958336
0.03070064541722406
0.2723900038577283
0.14411418366364942
0.1637346817408355
0.1306815974465222
0.12295284770455084
0.32488781952438706
0.22975478910267652
0.05012902898719579
0.26534238867515414
0.08673348809211318
0.2646304755012716
0.10247748713339322
0.1890440405769691
0.037979092443110485
0.16672314611778116
0.12382859858955125
0.09581024996622034
0.06697093295406892
0.19581127751391897
0.12090107338713907
0.12377828417686798
0.03999355284106948
0.050302232169953165
0.11686181166346915
0.15261997365270497
0.20182410215799235
0.06471056250564061
0.17391694516489392
0.1341389365470137
0.058813188837458286
0.2801641941678287
0.1456676405994865
0.16572443681404642
0.03133376930416493
0.3142290819988387
0.18720200827160538
0.245944857993041
0.017115213664206652
0.3599452235446188
0.06226910026397825
0.19965675140619266
0.12307617711120006
0.12316321072776337
0.04039317885765459
0.1144362133725852
0.282277816774091
0.029372829491989494
0.004441371052319398
0.3163361776984793
0.13026693973050663
0.18971431584126291
0.017266661547776396
0.002646917655557801
0.07416753667219356
0.00819344015978124
0.19512415933522514
0.238156063832612
0.1852330372923271
0.03364415785856467
0.08465547785698752
0.01887436457966768
0.042214400607470726
0.00491090473305017
0.06291975619223433
0.03739353708728155
0.18223807769181533
0.31256809555149323
0.004067374189216599
0.1796121811014425
0.05529625025022972
0.012146669494255857
0.22065587132073478
0.3795381780990929
0.18688822473113498
0.03796671327886941
0.14867215157499714
0.17666198599584088
0.020041599712279867
0.05231967954006694
0.017037484542584358
0.15867461851615638
0.056194585213587056
0.05176573608925766
0.0946544380421549
0.05657176072112402
0.09465139107556786
0.39010005375601065
0.0016367216929818462
0.009446194963408039
0.004630369295497927
0.33567749944737146
0.0682421601555811
0.2116105265506304
0.04020298525596705
0.09348327545609458
0.2140357432571462
0.010900153881462538
0.015174421391688786
0.1474149210291461
0.30785576614495147
0.17004193137102286
0.001680677569414868
0.1177039653071873
4.7171269290546824e-05
0.05867192821027112
0.1703683179452598
0.08274211090991956
0.11416476703112033
0.13484717216514108
0.05571743276434782
0.07990883654240133
0.2605440854155549
0.10122275244353701
0.15239013870860174
0.26119961850916784
0.14434485479808867
0.11266798670275135
0.2651471792556672
0.29695229092904285
0.19321892771682692
0.01479768083299704
0.07361045718630399
0.00778346385489237
0.28258556660825307
0.06795554235618811
0.20902227923659816
0.01920518207214572
0.09272495367928452
0.06464900085876435
0.03487901268630178
0.41414747693065646
0.1920968347613124
0.09730089583763879
0.23609715103078088
0.15567969788587666
0.07404208652048161
0.008697787701341109
0.11176700531978168
0.004970273104491274
0.08292873109934495
0.06251716484224379
0.08767553675728834
0.05478780018596163
0.07652665994743946
0.13631194714755285
0.020752928065085663
0.2433856527077638
0.05957310977829733
0.2319496963807101
0.17204462658332753
0.0068178628715961365
